Region,aantal,Primary education,Lower secondary education,Vocational training,Higher education (Bachelor),Higher education (Master/Doctor),Jaar,Region_clean
Oost-Groningen (CR),112500.0,13.1,25.1,46.2,12.3,3.2,2013,Oost-Groningen
Delfzijl en omgeving (CR),36000.0,10.1,22.9,49.7,13.0,4.4,2013,Delfzijl en omgeving
Overig Groningen (CR),302200.0,7.9,16.9,43.8,19.7,11.7,2013,Overig Groningen
Noord-Friesland (CR),250100.0,10.1,22.9,45.2,16.5,5.3,2013,Noord-Friesland
Zuidwest-Friesland (CR),78400.0,9.5,23.2,45.8,16.7,4.9,2013,Zuidwest-Friesland
Zuidoost-Friesland (CR),153400.0,8.8,23.6,45.5,16.9,5.3,2013,Zuidoost-Friesland
Noord-Drenthe (CR),140400.0,7.3,20.2,45.3,19.5,7.7,2013,Noord-Drenthe
Zuidoost-Drenthe (CR),127200.0,11.8,25.5,45.7,13.2,3.8,2013,Zuidoost-Drenthe
Zuidwest-Drenthe (CR),95800.0,10.8,24.2,44.2,15.5,5.3,2013,Zuidwest-Drenthe
Noord-Overijssel (CR),265600.0,9.4,22.9,43.9,17.0,6.7,2013,Noord-Overijssel
Zuidwest-Overijssel (CR),114000.0,9.6,20.3,43.8,18.3,7.9,2013,Zuidwest-Overijssel
Twente (CR),466900.0,10.8,21.7,44.8,16.5,6.2,2013,Twente
Veluwe (CR),492700.0,9.8,23.4,42.3,17.0,7.6,2013,Veluwe
Achterhoek (CR),298300.0,9.0,24.1,44.8,16.2,5.8,2013,Achterhoek
Arnhem/Nijmegen (CR),549900.0,10.0,20.2,39.6,18.6,11.6,2013,Arnhem
Zuidwest-Gelderland (CR),177300.0,11.5,26.0,41.9,14.5,6.2,2013,Zuidwest-Gelderland
Utrecht (CR),940200.0,8.8,18.4,37.7,19.9,15.1,2013,Utrecht
Kop van Noord-Holland (CR),281600.0,9.7,23.9,46.2,15.5,4.7,2013,Kop van Noord-Holland
Alkmaar en omgeving (CR),175900.0,8.2,21.2,43.7,18.7,8.2,2013,Alkmaar en omgeving
IJmond (CR),144900.0,9.9,22.2,44.6,16.6,6.6,2013,IJmond
Agglomeratie Haarlem (CR),167900.0,9.3,18.6,35.7,20.6,15.8,2013,Agglomeratie Haarlem
Zaanstreek (CR),125700.0,10.4,22.0,45.6,16.0,6.0,2013,Zaanstreek
Groot-Amsterdam (CR),1013800.0,10.3,16.9,36.4,19.0,17.4,2013,Groot-Amsterdam
Het Gooi en Vechtstreek (CR),179700.0,8.2,19.4,37.4,20.6,14.3,2013,Het Gooi en Vechtstreek
Agglomeratie Leiden en Bollenstreek (CR),314000.0,8.3,19.9,39.5,17.6,14.7,2013,Agglomeratie Leiden en Bollenstreek
Agglomeratie 's-Gravenhage (CR),626400.0,12.5,19.1,37.2,17.4,13.7,2013,Agglomeratie 's-Gravenhage
Delft en Westland (CR),172100.0,8.1,20.9,40.5,18.8,11.8,2013,Delft en Westland
Oost-Zuid-Holland (CR),220700.0,9.6,23.2,42.1,17.3,7.7,2013,Oost-Zuid-Holland
Groot-Rijnmond (CR),1073200.0,12.9,22.1,41.4,15.5,8.1,2013,Groot-Rijnmond
Zuidoost-Zuid-Holland (CR),295800.0,11.2,24.3,43.7,15.1,5.6,2013,Zuidoost-Zuid-Holland
Zeeuwsch-Vlaanderen (CR),79700.0,10.8,24.8,46.0,13.9,4.5,2013,Zeeuwsch-Vlaanderen
Overig Zeeland (CR),203900.0,8.9,23.9,46.2,15.8,5.2,2013,Overig Zeeland
West-Noord-Brabant (CR),474000.0,10.3,23.1,42.3,17.3,7.0,2013,West-Noord-Brabant
Midden-Noord-Brabant (CR),355200.0,10.2,23.3,42.4,16.8,7.3,2013,Midden-Noord-Brabant
Noordoost-Noord-Brabant (CR),486900.0,9.7,23.6,41.5,17.0,8.1,2013,Noordoost-Noord-Brabant
Zuidoost-Noord-Brabant (CR),567200.0,9.9,21.8,40.8,18.1,9.3,2013,Zuidoost-Noord-Brabant
Noord-Limburg (CR),213300.0,10.9,24.9,43.9,15.1,5.2,2013,Noord-Limburg
Midden-Limburg (CR),180800.0,11.2,23.5,42.2,16.7,6.5,2013,Midden-Limburg
Zuid-Limburg (CR),469900.0,12.6,23.2,40.5,16.0,7.7,2013,Zuid-Limburg
Flevoland (CR),300400.0,10.3,22.1,44.9,16.4,6.3,2013,Flevoland
Oost-Groningen (CR),112300.0,13.0,25.0,46.4,12.4,3.2,2014,Oost-Groningen
Delfzijl en omgeving (CR),35600.0,9.7,22.6,49.3,14.0,4.3,2014,Delfzijl en omgeving
Overig Groningen (CR),304100.0,7.9,16.4,43.4,20.4,11.9,2014,Overig Groningen
Noord-Friesland (CR),244100.0,10.5,22.2,45.5,16.5,5.3,2014,Noord-Friesland
Zuidwest-Friesland (CR),100000.0,9.0,23.1,46.3,16.6,5.1,2014,Zuidwest-Friesland
Zuidoost-Friesland (CR),138400.0,9.1,23.1,45.1,17.2,5.5,2014,Zuidoost-Friesland
Noord-Drenthe (CR),140300.0,7.4,20.1,44.6,19.7,8.2,2014,Noord-Drenthe
Zuidoost-Drenthe (CR),127100.0,11.6,25.4,46.0,13.2,3.8,2014,Zuidoost-Drenthe
Zuidwest-Drenthe (CR),96000.0,10.9,23.4,44.6,15.7,5.4,2014,Zuidwest-Drenthe
Noord-Overijssel (CR),266500.0,9.4,23.0,43.7,17.1,6.8,2014,Noord-Overijssel
Zuidwest-Overijssel (CR),114300.0,9.6,20.2,43.3,18.5,8.3,2014,Zuidwest-Overijssel
Twente (CR),467200.0,10.6,21.4,44.7,16.7,6.6,2014,Twente
Veluwe (CR),495000.0,9.9,22.7,42.5,17.2,7.7,2014,Veluwe
Achterhoek (CR),298000.0,9.2,23.4,44.9,16.5,6.0,2014,Achterhoek
Arnhem/Nijmegen (CR),553100.0,9.9,19.9,39.8,18.9,11.5,2014,Arnhem
Zuidwest-Gelderland (CR),178100.0,11.4,25.9,41.9,14.4,6.4,2014,Zuidwest-Gelderland
Utrecht (CR),948700.0,8.8,17.9,37.7,20.0,15.6,2014,Utrecht
Kop van Noord-Holland (CR),282000.0,9.9,23.4,46.3,15.6,4.9,2014,Kop van Noord-Holland
Alkmaar en omgeving (CR),176300.0,8.4,20.8,43.5,18.8,8.5,2014,Alkmaar en omgeving
IJmond (CR),145400.0,10.0,21.6,44.6,16.8,7.0,2014,IJmond
Agglomeratie Haarlem (CR),169200.0,9.0,17.2,35.8,21.4,16.6,2014,Agglomeratie Haarlem
Zaanstreek (CR),126400.0,10.9,21.9,44.8,16.1,6.3,2014,Zaanstreek
Groot-Amsterdam (CR),1026300.0,10.2,16.4,35.8,19.5,18.2,2014,Groot-Amsterdam
Het Gooi en Vechtstreek (CR),180500.0,8.3,19.0,37.0,20.5,15.0,2014,Het Gooi en Vechtstreek
Agglomeratie Leiden en Bollenstreek (CR),315800.0,8.3,19.5,39.1,18.0,15.1,2014,Agglomeratie Leiden en Bollenstreek
Agglomeratie 's-Gravenhage (CR),631600.0,12.6,18.8,36.8,17.5,14.2,2014,Agglomeratie 's-Gravenhage
Delft en Westland (CR),174000.0,8.0,19.7,40.4,19.3,12.5,2014,Delft en Westland
Oost-Zuid-Holland (CR),221700.0,9.8,22.7,42.1,17.4,8.0,2014,Oost-Zuid-Holland
Groot-Rijnmond (CR),1079200.0,12.9,21.8,41.2,15.6,8.4,2014,Groot-Rijnmond
Zuidoost-Zuid-Holland (CR),296200.0,11.0,23.8,43.9,15.3,5.9,2014,Zuidoost-Zuid-Holland
Zeeuwsch-Vlaanderen (CR),79400.0,10.2,24.8,46.6,14.0,4.4,2014,Zeeuwsch-Vlaanderen
Overig Zeeland (CR),204000.0,8.9,24.3,45.5,15.9,5.3,2014,Overig Zeeland
West-Noord-Brabant (CR),475600.0,10.3,22.5,42.6,17.3,7.3,2014,West-Noord-Brabant
Midden-Noord-Brabant (CR),356700.0,10.2,22.6,42.5,17.2,7.6,2014,Midden-Noord-Brabant
Noordoost-Noord-Brabant (CR),488500.0,9.8,23.1,41.4,17.3,8.4,2014,Noordoost-Noord-Brabant
Zuidoost-Noord-Brabant (CR),570700.0,10.2,21.4,40.6,18.4,9.4,2014,Zuidoost-Noord-Brabant
Noord-Limburg (CR),213400.0,10.9,24.1,43.8,15.5,5.7,2014,Noord-Limburg
Midden-Limburg (CR),180500.0,11.0,22.8,42.3,17.3,6.5,2014,Midden-Limburg
Zuid-Limburg (CR),467800.0,12.6,22.6,40.9,16.3,7.7,2014,Zuid-Limburg
Flevoland (CR),302300.0,10.6,21.7,45.0,16.5,6.3,2014,Flevoland
Oost-Groningen (CR),112100.0,13.2,24.2,46.7,12.5,3.4,2015,Oost-Groningen
Delfzijl en omgeving (CR),35300.0,9.2,22.1,50.1,14.1,4.4,2015,Delfzijl en omgeving
Overig Groningen (CR),305100.0,7.7,15.9,43.7,20.8,11.9,2015,Overig Groningen
Noord-Friesland (CR),244000.0,10.5,21.4,45.8,16.7,5.6,2015,Noord-Friesland
Zuidwest-Friesland (CR),100200.0,9.1,22.6,46.4,16.7,5.2,2015,Zuidwest-Friesland
Zuidoost-Friesland (CR),138400.0,9.1,22.4,45.6,17.1,5.7,2015,Zuidoost-Friesland
Noord-Drenthe (CR),140600.0,8.0,19.3,44.3,19.8,8.6,2015,Noord-Drenthe
Zuidoost-Drenthe (CR),127100.0,11.3,24.6,46.7,13.5,4.0,2015,Zuidoost-Drenthe
Zuidwest-Drenthe (CR),96600.0,10.7,22.7,44.9,15.9,5.8,2015,Zuidwest-Drenthe
Noord-Overijssel (CR),268300.0,9.3,22.4,43.8,17.5,6.9,2015,Noord-Overijssel
Zuidwest-Overijssel (CR),114900.0,9.4,19.6,43.7,18.8,8.5,2015,Zuidwest-Overijssel
Twente (CR),468300.0,10.4,21.2,44.6,17.1,6.6,2015,Twente
Veluwe (CR),498300.0,10.0,22.2,42.3,17.7,7.8,2015,Veluwe
Achterhoek (CR),298600.0,9.0,23.0,45.1,16.8,6.2,2015,Achterhoek
Arnhem/Nijmegen (CR),556600.0,9.9,19.4,40.1,19.1,11.6,2015,Arnhem
Zuidwest-Gelderland (CR),179000.0,11.2,25.2,42.3,14.7,6.6,2015,Zuidwest-Gelderland
Utrecht (CR),957000.0,8.8,17.5,37.5,20.4,15.8,2015,Utrecht
Kop van Noord-Holland (CR),282800.0,10.0,23.4,46.0,15.5,5.1,2015,Kop van Noord-Holland
Alkmaar en omgeving (CR),181800.0,8.4,20.4,43.7,19.0,8.5,2015,Alkmaar en omgeving
IJmond (CR),146200.0,9.8,21.1,44.6,17.4,7.1,2015,IJmond
Agglomeratie Haarlem (CR),170700.0,8.7,17.4,35.8,21.0,17.0,2015,Agglomeratie Haarlem
Zaanstreek (CR),127000.0,11.1,21.6,44.7,16.2,6.4,2015,Zaanstreek
Groot-Amsterdam (CR),1035200.0,10.1,16.1,35.3,19.9,18.6,2015,Groot-Amsterdam
Het Gooi en Vechtstreek (CR),181400.0,8.3,18.4,37.2,21.2,14.9,2015,Het Gooi en Vechtstreek
Agglomeratie Leiden en Bollenstreek (CR),318000.0,8.4,18.9,39.0,18.5,15.3,2015,Agglomeratie Leiden en Bollenstreek
Agglomeratie 's-Gravenhage (CR),636600.0,12.3,18.5,36.9,18.0,14.3,2015,Agglomeratie 's-Gravenhage
Delft en Westland (CR),175700.0,8.3,19.2,40.4,19.6,12.4,2015,Delft en Westland
Oost-Zuid-Holland (CR),240100.0,9.7,22.6,42.1,17.5,8.1,2015,Oost-Zuid-Holland
Groot-Rijnmond (CR),1067100.0,12.7,21.3,41.3,15.9,8.7,2015,Groot-Rijnmond
Zuidoost-Zuid-Holland (CR),297200.0,10.9,23.5,44.1,15.5,5.9,2015,Zuidoost-Zuid-Holland
Zeeuwsch-Vlaanderen (CR),79500.0,10.5,24.4,46.5,14.0,4.6,2015,Zeeuwsch-Vlaanderen
Overig Zeeland (CR),204500.0,8.8,23.5,46.0,16.1,5.6,2015,Overig Zeeland
West-Noord-Brabant (CR),476800.0,10.3,21.8,42.5,17.7,7.7,2015,West-Noord-Brabant
Midden-Noord-Brabant (CR),358700.0,10.0,22.3,42.3,17.7,7.6,2015,Midden-Noord-Brabant
Noordoost-Noord-Brabant (CR),490500.0,9.6,22.7,41.5,17.6,8.6,2015,Noordoost-Noord-Brabant
Zuidoost-Noord-Brabant (CR),574100.0,9.9,20.9,40.4,18.8,9.9,2015,Zuidoost-Noord-Brabant
Noord-Limburg (CR),213400.0,10.7,23.7,43.8,15.8,6.0,2015,Noord-Limburg
Midden-Limburg (CR),180500.0,10.5,22.4,42.7,17.5,6.8,2015,Midden-Limburg
Zuid-Limburg (CR),466500.0,12.2,22.3,41.1,16.6,7.9,2015,Zuid-Limburg
Flevoland (CR),304600.0,10.4,21.4,45.0,16.9,6.3,2015,Flevoland
Oost-Groningen (CR),111700.0,12.7,23.7,47.6,12.4,3.5,2016,Oost-Groningen
Delfzijl en omgeving (CR),35300.0,9.9,21.6,50.4,13.9,4.1,2016,Delfzijl en omgeving
Overig Groningen (CR),306500.0,7.5,15.7,44.0,20.3,12.5,2016,Overig Groningen
Noord-Friesland (CR),244500.0,10.7,21.4,45.7,16.7,5.4,2016,Noord-Friesland
Zuidwest-Friesland (CR),100400.0,8.8,22.4,46.6,16.7,5.5,2016,Zuidwest-Friesland
Zuidoost-Friesland (CR),138800.0,9.2,22.0,45.7,17.4,5.8,2016,Zuidoost-Friesland
Noord-Drenthe (CR),141700.0,7.1,19.5,44.5,20.0,8.9,2016,Noord-Drenthe
Zuidoost-Drenthe (CR),127100.0,11.2,24.3,46.6,13.8,4.0,2016,Zuidoost-Drenthe
Zuidwest-Drenthe (CR),97200.0,10.2,23.2,44.9,15.6,6.1,2016,Zuidwest-Drenthe
Noord-Overijssel (CR),270700.0,9.3,21.7,44.0,18.0,7.0,2016,Noord-Overijssel
Zuidwest-Overijssel (CR),115600.0,9.0,19.5,43.9,18.8,8.7,2016,Zuidwest-Overijssel
Twente (CR),469700.0,10.3,20.7,45.0,17.1,6.8,2016,Twente
Veluwe (CR),502800.0,9.9,21.9,42.7,17.8,7.8,2016,Veluwe
Achterhoek (CR),300000.0,9.2,22.5,45.4,16.8,6.2,2016,Achterhoek
Arnhem/Nijmegen (CR),560900.0,9.5,19.2,40.3,19.3,11.7,2016,Arnhem
Zuidwest-Gelderland (CR),180600.0,11.1,24.9,42.6,14.9,6.6,2016,Zuidwest-Gelderland
Utrecht (CR),966500.0,8.6,17.3,37.5,20.6,16.1,2016,Utrecht
Kop van Noord-Holland (CR),283700.0,10.2,22.9,46.4,15.4,5.1,2016,Kop van Noord-Holland
Alkmaar en omgeving (CR),183600.0,8.4,20.5,43.6,19.2,8.4,2016,Alkmaar en omgeving
IJmond (CR),147100.0,9.3,21.0,45.2,17.3,7.2,2016,IJmond
Agglomeratie Haarlem (CR),172300.0,8.9,16.4,35.1,21.7,17.9,2016,Agglomeratie Haarlem
Zaanstreek (CR),128000.0,11.1,20.8,45.0,16.1,7.0,2016,Zaanstreek
Groot-Amsterdam (CR),1049500.0,10.2,15.6,34.7,20.5,19.0,2016,Groot-Amsterdam
Het Gooi en Vechtstreek (CR),183300.0,8.4,17.6,36.7,21.6,15.7,2016,Het Gooi en Vechtstreek
Agglomeratie Leiden en Bollenstreek (CR),320800.0,8.2,18.5,39.2,18.6,15.5,2016,Agglomeratie Leiden en Bollenstreek
Agglomeratie 's-Gravenhage (CR),643700.0,12.4,18.2,37.1,18.1,14.2,2016,Agglomeratie 's-Gravenhage
Delft en Westland (CR),175800.0,9.4,18.5,40.8,19.5,11.7,2016,Delft en Westland
Oost-Zuid-Holland (CR),242600.0,9.6,22.0,42.6,17.7,8.1,2016,Oost-Zuid-Holland
Groot-Rijnmond (CR),1075600.0,12.6,20.8,41.8,16.0,8.8,2016,Groot-Rijnmond
Zuidoost-Zuid-Holland (CR),298300.0,10.8,23.1,44.3,15.6,6.3,2016,Zuidoost-Zuid-Holland
Zeeuwsch-Vlaanderen (CR),79500.0,10.0,23.6,47.8,14.0,4.6,2016,Zeeuwsch-Vlaanderen
Overig Zeeland (CR),204900.0,8.8,23.0,46.5,16.2,5.6,2016,Overig Zeeland
West-Noord-Brabant (CR),478500.0,10.2,21.1,42.9,18.0,7.8,2016,West-Noord-Brabant
Midden-Noord-Brabant (CR),360600.0,10.1,21.8,42.2,17.4,8.6,2016,Midden-Noord-Brabant
Noordoost-Noord-Brabant (CR),493700.0,9.4,22.2,42.1,17.7,8.6,2016,Noordoost-Noord-Brabant
Zuidoost-Noord-Brabant (CR),578600.0,9.8,20.5,40.6,19.0,10.1,2016,Zuidoost-Noord-Brabant
Noord-Limburg (CR),214400.0,10.5,23.3,44.3,15.9,5.9,2016,Noord-Limburg
Midden-Limburg (CR),180900.0,10.7,22.0,43.0,17.5,6.7,2016,Midden-Limburg
Zuid-Limburg (CR),465400.0,12.2,21.7,41.4,16.5,8.2,2016,Zuid-Limburg
Flevoland (CR),308600.0,10.1,21.2,45.6,16.7,6.4,2016,Flevoland
Oost-Groningen (CR),111100.0,12.1,24.7,47.0,12.7,3.5,2017,Oost-Groningen
Delfzijl en omgeving (CR),34800.0,9.5,21.9,50.9,14.0,3.8,2017,Delfzijl en omgeving
Overig Groningen (CR),307100.0,7.3,15.7,43.7,20.9,12.4,2017,Overig Groningen
Noord-Friesland (CR),244700.0,9.8,21.3,45.9,17.4,5.5,2017,Noord-Friesland
Zuidwest-Friesland (CR),100800.0,8.3,22.2,46.7,17.3,5.5,2017,Zuidwest-Friesland
Zuidoost-Friesland (CR),139400.0,8.6,22.0,45.9,17.7,5.8,2017,Zuidoost-Friesland
Noord-Drenthe (CR),142300.0,6.9,18.6,45.3,20.2,9.0,2017,Noord-Drenthe
Zuidoost-Drenthe (CR),127100.0,11.3,24.0,46.9,13.9,3.9,2017,Zuidoost-Drenthe
Zuidwest-Drenthe (CR),97800.0,9.8,22.8,45.7,15.8,6.0,2017,Zuidwest-Drenthe
Noord-Overijssel (CR),273300.0,8.8,21.2,44.3,18.6,7.0,2017,Noord-Overijssel
Zuidwest-Overijssel (CR),116600.0,8.6,19.1,44.5,19.2,8.6,2017,Zuidwest-Overijssel
Twente (CR),470900.0,9.9,20.4,45.2,17.7,6.9,2017,Twente
Veluwe (CR),507200.0,9.6,21.5,42.9,18.0,8.1,2017,Veluwe
Achterhoek (CR),300800.0,8.6,22.3,45.6,17.2,6.2,2017,Achterhoek
Arnhem/Nijmegen (CR),565600.0,9.3,18.7,40.1,19.9,12.0,2017,Arnhem
Zuidwest-Gelderland (CR),181900.0,10.5,24.5,43.5,14.8,6.7,2017,Zuidwest-Gelderland
Utrecht (CR),976700.0,8.3,16.9,37.5,20.9,16.4,2017,Utrecht
Kop van Noord-Holland (CR),284200.0,9.6,22.4,46.9,15.7,5.5,2017,Kop van Noord-Holland
Alkmaar en omgeving (CR),184800.0,8.0,19.9,43.9,19.6,8.6,2017,Alkmaar en omgeving
IJmond (CR),148100.0,8.9,21.0,44.9,17.9,7.3,2017,IJmond
Agglomeratie Haarlem (CR),173100.0,8.7,16.3,35.2,22.2,17.6,2017,Agglomeratie Haarlem
Zaanstreek (CR),129200.0,10.4,20.9,45.3,16.4,7.0,2017,Zaanstreek
Groot-Amsterdam (CR),1062100.0,9.8,15.6,34.9,20.8,19.0,2017,Groot-Amsterdam
Het Gooi en Vechtstreek (CR),185400.0,7.8,17.4,37.3,21.9,15.7,2017,Het Gooi en Vechtstreek
Agglomeratie Leiden en Bollenstreek (CR),323600.0,7.7,18.4,40.1,18.5,15.4,2017,Agglomeratie Leiden en Bollenstreek
Agglomeratie 's-Gravenhage (CR),651300.0,12.0,18.0,36.7,18.6,14.6,2017,Agglomeratie 's-Gravenhage
Delft en Westland (CR),177900.0,8.5,18.0,40.1,20.4,13.0,2017,Delft en Westland
Oost-Zuid-Holland (CR),245400.0,9.0,21.6,42.9,18.0,8.4,2017,Oost-Zuid-Holland
Groot-Rijnmond (CR),1083500.0,12.0,20.5,41.9,16.6,9.0,2017,Groot-Rijnmond
Zuidoost-Zuid-Holland (CR),299800.0,10.6,22.6,44.7,15.8,6.3,2017,Zuidoost-Zuid-Holland
Zeeuwsch-Vlaanderen (CR),79400.0,9.4,24.4,47.1,14.4,4.6,2017,Zeeuwsch-Vlaanderen
Overig Zeeland (CR),205500.0,8.3,22.8,46.9,16.5,5.6,2017,Overig Zeeland
West-Noord-Brabant (CR),481700.0,9.9,21.1,42.7,18.4,7.9,2017,West-Noord-Brabant
Midden-Noord-Brabant (CR),362900.0,10.0,21.3,42.4,18.0,8.4,2017,Midden-Noord-Brabant
Noordoost-Noord-Brabant (CR),497000.0,9.6,21.6,41.9,18.2,8.7,2017,Noordoost-Noord-Brabant
Zuidoost-Noord-Brabant (CR),583000.0,9.5,20.1,40.9,19.1,10.4,2017,Zuidoost-Noord-Brabant
Noord-Limburg (CR),214700.0,10.3,23.0,44.3,16.4,6.0,2017,Noord-Limburg
Midden-Limburg (CR),181200.0,10.5,21.6,43.3,17.8,6.7,2017,Midden-Limburg
Zuid-Limburg (CR),464300.0,11.6,21.3,41.5,17.1,8.5,2017,Zuid-Limburg
Flevoland (CR),312000.0,9.9,20.9,45.7,17.1,6.5,2017,Flevoland
Oost-Groningen (CR),101700.0,12.1,24.2,47.2,12.8,3.7,2018,Oost-Groningen
Delfzijl en omgeving (CR),34600.0,9.3,22.5,50.4,13.7,4.0,2018,Delfzijl en omgeving
Overig Groningen (CR),318000.0,7.3,15.5,43.5,21.0,12.7,2018,Overig Groningen
Noord-Friesland (CR),241100.0,9.3,20.9,46.1,18.0,5.7,2018,Noord-Friesland
Zuidwest-Friesland (CR),104900.0,7.9,21.8,47.0,17.7,5.6,2018,Zuidwest-Friesland
Zuidoost-Friesland (CR),139500.0,8.4,21.6,46.1,17.9,5.9,2018,Zuidoost-Friesland
Noord-Drenthe (CR),142400.0,6.9,18.1,45.3,20.6,9.1,2018,Noord-Drenthe
Zuidoost-Drenthe (CR),127000.0,11.0,23.6,47.4,14.0,3.9,2018,Zuidoost-Drenthe
Zuidwest-Drenthe (CR),98600.0,9.7,22.0,45.9,16.1,6.3,2018,Zuidwest-Drenthe
Noord-Overijssel (CR),275700.0,8.5,21.0,44.4,18.9,7.2,2018,Noord-Overijssel
Zuidwest-Overijssel (CR),117400.0,8.3,19.0,44.3,19.5,8.9,2018,Zuidwest-Overijssel
Twente (CR),472700.0,9.5,20.1,45.1,18.3,7.1,2018,Twente
Veluwe (CR),511300.0,9.3,21.1,43.0,18.3,8.3,2018,Veluwe
Achterhoek (CR),301800.0,8.7,21.7,45.8,17.5,6.3,2018,Achterhoek
Arnhem/Nijmegen (CR),569000.0,9.1,18.3,39.7,20.4,12.4,2018,Arnhem
Zuidwest-Gelderland (CR),184100.0,10.3,23.8,43.7,15.3,6.9,2018,Zuidwest-Gelderland
Utrecht (CR),985900.0,8.0,16.7,36.9,21.6,16.7,2018,Utrecht
Kop van Noord-Holland (CR),284800.0,9.2,22.1,47.1,16.2,5.4,2018,Kop van Noord-Holland
Alkmaar en omgeving (CR),185900.0,7.6,20.0,43.3,20.5,8.6,2018,Alkmaar en omgeving
IJmond (CR),149000.0,8.8,20.3,45.1,18.4,7.5,2018,IJmond
Agglomeratie Haarlem (CR),174500.0,8.4,16.0,34.0,23.0,18.6,2018,Agglomeratie Haarlem
Zaanstreek (CR),130000.0,10.1,20.8,44.7,17.3,7.1,2018,Zaanstreek
Groot-Amsterdam (CR),1075100.0,9.4,15.2,33.9,21.6,19.9,2018,Groot-Amsterdam
Het Gooi en Vechtstreek (CR),186700.0,7.8,16.9,37.0,22.2,16.1,2018,Het Gooi en Vechtstreek
Agglomeratie Leiden en Bollenstreek (CR),325600.0,7.3,18.0,39.3,19.8,15.6,2018,Agglomeratie Leiden en Bollenstreek
Agglomeratie 's-Gravenhage (CR),658900.0,11.5,17.7,36.7,19.1,14.9,2018,Agglomeratie 's-Gravenhage
Delft en Westland (CR),180200.0,7.8,17.6,40.3,21.6,12.8,2018,Delft en Westland
Oost-Zuid-Holland (CR),248700.0,8.7,20.8,42.6,19.0,8.9,2018,Oost-Zuid-Holland
Groot-Rijnmond (CR),1091900.0,11.6,20.1,41.6,17.3,9.4,2018,Groot-Rijnmond
Zuidoost-Zuid-Holland (CR),300700.0,10.2,22.2,45.2,16.1,6.3,2018,Zuidoost-Zuid-Holland
Zeeuwsch-Vlaanderen (CR),79200.0,9.0,23.9,46.9,15.2,5.0,2018,Zeeuwsch-Vlaanderen
Overig Zeeland (CR),206200.0,8.1,22.7,46.7,16.9,5.6,2018,Overig Zeeland
West-Noord-Brabant (CR),483800.0,9.5,20.7,42.7,19.1,8.0,2018,West-Noord-Brabant
Midden-Noord-Brabant (CR),365900.0,9.9,21.0,42.2,18.7,8.3,2018,Midden-Noord-Brabant
Noordoost-Noord-Brabant (CR),500300.0,9.0,20.9,41.9,19.1,9.1,2018,Noordoost-Noord-Brabant
Zuidoost-Noord-Brabant (CR),587800.0,9.3,19.6,40.7,19.7,10.7,2018,Zuidoost-Noord-Brabant
Noord-Limburg (CR),215000.0,10.3,22.5,43.9,17.1,6.1,2018,Noord-Limburg
Midden-Limburg (CR),181200.0,10.1,21.1,43.3,18.7,6.9,2018,Midden-Limburg
Zuid-Limburg (CR),462200.0,11.1,20.6,41.7,17.6,8.9,2018,Zuid-Limburg
Flevoland (CR),316400.0,9.5,20.6,45.9,17.3,6.6,2018,Flevoland
Oost-Groningen (CR),101500.0,11.9,23.5,47.7,13.0,3.9,2019,Oost-Groningen
Delfzijl en omgeving (CR),34400.0,9.6,21.6,51.1,13.9,3.9,2019,Delfzijl en omgeving
Overig Groningen (CR),318900.0,7.3,15.1,42.9,21.8,13.0,2019,Overig Groningen
Noord-Friesland (CR),242100.0,9.3,20.2,46.4,18.5,5.6,2019,Noord-Friesland
Zuidwest-Friesland (CR),105000.0,8.0,21.3,47.1,18.0,5.6,2019,Zuidwest-Friesland
Zuidoost-Friesland (CR),139500.0,8.5,21.1,46.1,18.1,6.1,2019,Zuidoost-Friesland
Noord-Drenthe (CR),142900.0,7.1,17.6,45.1,21.0,9.3,2019,Noord-Drenthe
Zuidoost-Drenthe (CR),127000.0,10.9,22.9,47.6,14.3,4.2,2019,Zuidoost-Drenthe
Zuidwest-Drenthe (CR),99000.0,9.7,21.1,46.3,16.5,6.4,2019,Zuidwest-Drenthe
Noord-Overijssel (CR),278300.0,8.6,20.3,44.4,19.2,7.4,2019,Noord-Overijssel
Zuidwest-Overijssel (CR),118300.0,8.4,18.3,44.0,20.1,9.2,2019,Zuidwest-Overijssel
Twente (CR),474900.0,9.7,19.4,45.1,18.7,7.1,2019,Twente
Veluwe (CR),515900.0,9.2,20.4,43.0,18.7,8.7,2019,Veluwe
Achterhoek (CR),302200.0,8.6,21.1,46.0,17.8,6.5,2019,Achterhoek
Arnhem/Nijmegen (CR),572000.0,9.1,17.7,39.5,20.9,12.8,2019,Arnhem
Zuidwest-Gelderland (CR),186100.0,10.0,23.4,43.6,15.9,7.1,2019,Zuidwest-Gelderland
Utrecht (CR),1021700.0,8.1,16.4,36.9,21.6,17.0,2019,Utrecht
Kop van Noord-Holland (CR),286200.0,9.4,21.2,47.3,16.4,5.6,2019,Kop van Noord-Holland
Alkmaar en omgeving (CR),187200.0,7.7,19.2,43.6,20.8,8.7,2019,Alkmaar en omgeving
IJmond (CR),149600.0,8.4,19.6,45.5,18.9,7.7,2019,IJmond
Agglomeratie Haarlem (CR),170800.0,8.1,15.3,33.9,23.6,19.1,2019,Agglomeratie Haarlem
Zaanstreek (CR),130400.0,10.0,19.6,45.7,17.4,7.2,2019,Zaanstreek
Groot-Amsterdam (CR),1093100.0,9.4,14.8,33.6,22.0,20.2,2019,Groot-Amsterdam
Het Gooi en Vechtstreek (CR),188000.0,7.6,16.6,37.0,22.4,16.4,2019,Het Gooi en Vechtstreek
Agglomeratie Leiden en Bollenstreek (CR),328100.0,7.3,17.4,39.0,19.8,16.5,2019,Agglomeratie Leiden en Bollenstreek
Agglomeratie 's-Gravenhage (CR),668000.0,11.6,17.0,36.5,19.5,15.4,2019,Agglomeratie 's-Gravenhage
Delft en Westland (CR),181200.0,7.9,16.7,40.4,21.6,13.4,2019,Delft en Westland
Oost-Zuid-Holland (CR),250500.0,8.8,20.3,42.9,19.3,8.8,2019,Oost-Zuid-Holland
Groot-Rijnmond (CR),1102300.0,11.7,19.4,41.5,17.6,9.8,2019,Groot-Rijnmond
Zuidoost-Zuid-Holland (CR),275800.0,9.8,21.6,45.3,16.6,6.7,2019,Zuidoost-Zuid-Holland
Zeeuwsch-Vlaanderen (CR),78900.0,10.7,22.9,46.0,15.0,5.4,2019,Zeeuwsch-Vlaanderen
Overig Zeeland (CR),206200.0,7.8,21.5,47.6,17.2,5.9,2019,Overig Zeeland
West-Noord-Brabant (CR),484400.0,9.6,20.0,42.7,19.5,8.2,2019,West-Noord-Brabant
Midden-Noord-Brabant (CR),369200.0,9.5,20.4,42.8,19.0,8.4,2019,Midden-Noord-Brabant
Noordoost-Noord-Brabant (CR),503800.0,9.0,20.4,42.0,19.5,9.2,2019,Noordoost-Noord-Brabant
Zuidoost-Noord-Brabant (CR),593300.0,9.1,19.0,40.4,20.3,11.2,2019,Zuidoost-Noord-Brabant
Noord-Limburg (CR),215700.0,10.3,21.8,44.2,17.5,6.1,2019,Noord-Limburg
Midden-Limburg (CR),181400.0,9.9,20.8,43.6,18.4,7.3,2019,Midden-Limburg
Zuid-Limburg (CR),460800.0,11.2,20.1,41.8,18.2,8.7,2019,Zuid-Limburg
Flevoland (CR),321300.0,9.6,20.2,45.5,17.8,6.9,2019,Flevoland
Oost-Groningen (CR),101400.0,11.2,23.4,48.3,13.3,3.9,2020,Oost-Groningen
Delfzijl en omgeving (CR),34200.0,9.0,21.4,51.4,14.3,3.9,2020,Delfzijl en omgeving
Overig Groningen (CR),319400.0,6.8,14.7,43.0,22.3,13.3,2020,Overig Groningen
Noord-Friesland (CR),242500.0,8.7,19.8,46.9,18.8,5.9,2020,Noord-Friesland
Zuidwest-Friesland (CR),104900.0,7.3,20.8,47.4,18.7,5.8,2020,Zuidwest-Friesland
Zuidoost-Friesland (CR),139600.0,7.9,20.6,46.6,18.6,6.3,2020,Zuidoost-Friesland
Noord-Drenthe (CR),143300.0,6.6,17.1,45.4,21.3,9.6,2020,Noord-Drenthe
Zuidoost-Drenthe (CR),126900.0,10.3,22.4,48.3,14.6,4.4,2020,Zuidoost-Drenthe
Zuidwest-Drenthe (CR),99600.0,9.2,20.6,46.7,17.1,6.4,2020,Zuidwest-Drenthe
Noord-Overijssel (CR),280500.0,8.1,19.7,44.7,19.7,7.8,2020,Noord-Overijssel
Zuidwest-Overijssel (CR),119200.0,8.1,17.7,44.2,20.6,9.4,2020,Zuidwest-Overijssel
Twente (CR),476200.0,9.3,19.1,45.3,19.0,7.3,2020,Twente
Veluwe (CR),519400.0,8.8,20.0,43.0,19.1,9.0,2020,Veluwe
Achterhoek (CR),303000.0,7.9,20.7,46.4,18.2,6.8,2020,Achterhoek
Arnhem/Nijmegen (CR),573600.0,8.6,17.3,39.6,21.3,13.2,2020,Arnhem
Zuidwest-Gelderland (CR),188200.0,9.4,22.7,43.8,16.6,7.5,2020,Zuidwest-Gelderland
Utrecht (CR),1028600.0,7.7,15.8,36.9,22.1,17.4,2020,Utrecht
Kop van Noord-Holland (CR),286800.0,9.1,20.9,46.9,17.4,5.7,2020,Kop van Noord-Holland
Alkmaar en omgeving (CR),187900.0,7.4,18.6,43.8,21.1,9.0,2020,Alkmaar en omgeving
IJmond (CR),150200.0,7.9,18.6,46.2,19.4,8.0,2020,IJmond
Agglomeratie Haarlem (CR),171100.0,7.6,14.5,33.1,23.8,21.0,2020,Agglomeratie Haarlem
Zaanstreek (CR),130800.0,9.8,19.0,45.3,17.9,8.0,2020,Zaanstreek
Groot-Amsterdam (CR),1098700.0,9.0,14.6,33.8,22.3,20.4,2020,Groot-Amsterdam
Het Gooi en Vechtstreek (CR),189400.0,7.7,16.2,36.6,22.5,17.1,2020,Het Gooi en Vechtstreek
Agglomeratie Leiden en Bollenstreek (CR),328500.0,6.8,17.1,39.1,20.3,16.7,2020,Agglomeratie Leiden en Bollenstreek
Agglomeratie 's-Gravenhage (CR),673700.0,11.2,16.8,36.2,19.9,16.0,2020,Agglomeratie 's-Gravenhage
Delft en Westland (CR),181500.0,7.7,16.3,40.4,21.8,13.9,2020,Delft en Westland
Oost-Zuid-Holland (CR),252600.0,8.4,19.6,43.1,19.8,9.0,2020,Oost-Zuid-Holland
Groot-Rijnmond (CR),1109300.0,11.3,19.0,41.6,17.9,10.2,2020,Groot-Rijnmond
Zuidoost-Zuid-Holland (CR),276800.0,9.5,20.9,45.5,17.2,6.9,2020,Zuidoost-Zuid-Holland
Zeeuwsch-Vlaanderen (CR),78700.0,9.8,22.8,46.9,15.2,5.4,2020,Zeeuwsch-Vlaanderen
Overig Zeeland (CR),207100.0,7.4,21.0,48.0,17.5,6.1,2020,Overig Zeeland
West-Noord-Brabant (CR),484300.0,9.2,19.3,42.9,20.1,8.4,2020,West-Noord-Brabant
Midden-Noord-Brabant (CR),371200.0,9.2,19.7,42.7,19.6,8.8,2020,Midden-Noord-Brabant
Noordoost-Noord-Brabant (CR),507000.0,8.5,19.8,42.3,19.9,9.5,2020,Noordoost-Noord-Brabant
Zuidoost-Noord-Brabant (CR),596700.0,8.5,18.6,40.4,20.7,11.8,2020,Zuidoost-Noord-Brabant
Noord-Limburg (CR),216100.0,10.3,21.2,44.3,17.6,6.7,2020,Noord-Limburg
Midden-Limburg (CR),181700.0,9.7,20.2,43.6,18.9,7.6,2020,Midden-Limburg
Zuid-Limburg (CR),456800.0,10.6,19.6,42.1,18.6,9.1,2020,Zuid-Limburg
Flevoland (CR),325600.0,9.1,19.7,45.5,18.4,7.2,2020,Flevoland
Oost-Groningen (CR),101900.0,10.3,22.5,49.9,13.5,3.9,2021,Oost-Groningen
Delfzijl en omgeving (CR),33700.0,8.5,20.9,52.3,14.4,3.9,2021,Delfzijl en omgeving
Overig Groningen (CR),320400.0,6.3,14.3,43.1,22.5,13.8,2021,Overig Groningen
Noord-Friesland (CR),242900.0,7.8,19.4,47.7,19.1,6.0,2021,Noord-Friesland
Zuidwest-Friesland (CR),104800.0,6.8,20.4,47.9,19.0,6.0,2021,Zuidwest-Friesland
Zuidoost-Friesland (CR),139600.0,7.6,20.1,47.2,18.8,6.4,2021,Zuidoost-Friesland
Noord-Drenthe (CR),143600.0,6.1,16.8,45.8,21.4,9.9,2021,Noord-Drenthe
Zuidoost-Drenthe (CR),127000.0,10.0,21.8,49.0,14.8,4.4,2021,Zuidoost-Drenthe
Zuidwest-Drenthe (CR),100100.0,9.4,20.0,47.2,17.0,6.4,2021,Zuidwest-Drenthe
Noord-Overijssel (CR),282200.0,7.7,19.2,45.0,20.0,8.1,2021,Noord-Overijssel
Zuidwest-Overijssel (CR),119500.0,7.7,17.6,43.9,20.9,9.9,2021,Zuidwest-Overijssel
Twente (CR),477000.0,8.8,18.5,45.7,19.2,7.8,2021,Twente
Veluwe (CR),522100.0,8.4,19.4,43.4,19.4,9.4,2021,Veluwe
Achterhoek (CR),303000.0,7.6,20.0,46.7,18.5,7.3,2021,Achterhoek
Arnhem/Nijmegen (CR),575000.0,8.1,16.8,39.6,21.4,14.2,2021,Arnhem
Zuidwest-Gelderland (CR),189100.0,9.1,22.0,44.3,16.6,7.9,2021,Zuidwest-Gelderland
Utrecht (CR),1031000.0,7.4,15.4,36.6,22.2,18.4,2021,Utrecht
Kop van Noord-Holland (CR),286800.0,8.5,20.5,47.8,17.2,6.0,2021,Kop van Noord-Holland
Alkmaar en omgeving (CR),188600.0,7.0,17.9,43.8,21.7,9.6,2021,Alkmaar en omgeving
IJmond (CR),149500.0,8.1,18.1,45.9,19.4,8.4,2021,IJmond
Agglomeratie Haarlem (CR),170400.0,7.2,14.4,33.1,23.8,21.5,2021,Agglomeratie Haarlem
Zaanstreek (CR),130200.0,9.3,19.1,45.3,18.1,8.3,2021,Zaanstreek
Groot-Amsterdam (CR),1105300.0,8.6,14.3,34.1,22.3,20.6,2021,Groot-Amsterdam
Het Gooi en Vechtstreek (CR),189400.0,6.8,15.5,36.6,22.7,18.4,2021,Het Gooi en Vechtstreek
Agglomeratie Leiden en Bollenstreek (CR),329900.0,6.3,16.8,39.2,20.1,17.6,2021,Agglomeratie Leiden en Bollenstreek
Agglomeratie 's-Gravenhage (CR),677800.0,11.0,16.4,36.1,19.9,16.6,2021,Agglomeratie 's-Gravenhage
Delft en Westland (CR),182600.0,7.5,16.4,40.4,22.0,13.8,2021,Delft en Westland
Oost-Zuid-Holland (CR),253800.0,8.1,19.1,43.3,20.1,9.5,2021,Oost-Zuid-Holland
Groot-Rijnmond (CR),1112000.0,10.9,18.5,41.8,18.1,10.7,2021,Groot-Rijnmond
Zuidoost-Zuid-Holland (CR),277100.0,9.1,20.3,45.9,17.4,7.3,2021,Zuidoost-Zuid-Holland
Zeeuwsch-Vlaanderen (CR),78200.0,9.4,21.3,46.8,15.9,6.6,2021,Zeeuwsch-Vlaanderen
Overig Zeeland (CR),207300.0,7.2,20.5,48.1,18.0,6.3,2021,Overig Zeeland
West-Noord-Brabant (CR),484200.0,9.0,18.9,42.6,20.4,9.2,2021,West-Noord-Brabant
Midden-Noord-Brabant (CR),378700.0,9.0,18.9,43.2,19.9,9.0,2021,Midden-Noord-Brabant
Noordoost-Noord-Brabant (CR),503100.0,8.3,19.2,42.3,20.2,10.0,2021,Noordoost-Noord-Brabant
Zuidoost-Noord-Brabant (CR),599800.0,8.2,18.1,40.7,20.8,12.2,2021,Zuidoost-Noord-Brabant
Noord-Limburg (CR),216800.0,9.3,20.4,45.4,18.0,6.9,2021,Noord-Limburg
Midden-Limburg (CR),181600.0,9.4,19.2,44.1,19.2,8.2,2021,Midden-Limburg
Zuid-Limburg (CR),454800.0,10.0,18.9,42.7,18.7,9.8,2021,Zuid-Limburg
Flevoland (CR),330000.0,8.5,19.1,46.0,18.9,7.4,2021,Flevoland
Oost-Groningen (CR),102400.0,10.5,21.8,50.1,13.6,4.0,2022,Oost-Groningen
Delfzijl en omgeving (CR),33700.0,8.4,22.4,51.3,14.0,4.0,2022,Delfzijl en omgeving
Overig Groningen (CR),322900.0,6.3,14.1,43.1,22.6,13.9,2022,Overig Groningen
Noord-Friesland (CR),244500.0,7.8,19.0,47.8,19.4,5.9,2022,Noord-Friesland
Zuidwest-Friesland (CR),105000.0,6.7,19.8,48.1,19.4,6.0,2022,Zuidwest-Friesland
Zuidoost-Friesland (CR),140100.0,7.5,19.6,47.1,19.1,6.6,2022,Zuidoost-Friesland
Noord-Drenthe (CR),143900.0,6.5,16.5,45.5,21.4,10.0,2022,Noord-Drenthe
Zuidoost-Drenthe (CR),127600.0,9.3,21.3,49.9,15.1,4.4,2022,Zuidoost-Drenthe
Zuidwest-Drenthe (CR),100700.0,9.5,19.6,47.1,17.2,6.5,2022,Zuidwest-Drenthe
Noord-Overijssel (CR),285500.0,7.7,18.8,45.2,20.0,8.3,2022,Noord-Overijssel
Zuidwest-Overijssel (CR),120400.0,7.8,17.2,43.8,21.2,10.0,2022,Zuidwest-Overijssel
Twente (CR),480000.0,8.9,18.2,45.6,19.5,7.7,2022,Twente
Veluwe (CR),526200.0,8.6,18.9,43.5,19.4,9.6,2022,Veluwe
Achterhoek (CR),303800.0,7.5,19.8,46.5,18.8,7.4,2022,Achterhoek
Arnhem/Nijmegen (CR),578600.0,8.0,16.3,39.7,21.7,14.3,2022,Arnhem
Zuidwest-Gelderland (CR),190800.0,9.1,21.2,44.4,17.2,8.1,2022,Zuidwest-Gelderland
Utrecht (CR),1041300.0,7.4,15.3,36.7,22.2,18.4,2022,Utrecht
Kop van Noord-Holland (CR),288000.0,8.6,19.9,47.9,17.3,6.3,2022,Kop van Noord-Holland
Alkmaar en omgeving (CR),189500.0,7.2,17.6,43.5,22.1,9.7,2022,Alkmaar en omgeving
IJmond (CR),149400.0,8.1,17.6,46.2,19.7,8.5,2022,IJmond
Agglomeratie Haarlem (CR),171900.0,7.3,14.2,33.2,24.1,21.3,2022,Agglomeratie Haarlem
Zaanstreek (CR),131600.0,9.5,18.2,45.7,18.2,8.4,2022,Zaanstreek
Groot-Amsterdam (CR),1126300.0,8.6,14.2,33.9,22.4,20.9,2022,Groot-Amsterdam
Het Gooi en Vechtstreek (CR),191900.0,6.8,15.4,36.4,22.7,18.6,2022,Het Gooi en Vechtstreek
Agglomeratie Leiden en Bollenstreek (CR),332500.0,6.7,16.4,38.9,20.3,17.6,2022,Agglomeratie Leiden en Bollenstreek
Agglomeratie 's-Gravenhage (CR),687600.0,11.1,16.5,35.8,20.1,16.5,2022,Agglomeratie 's-Gravenhage
Delft en Westland (CR),184300.0,7.4,16.3,40.3,22.3,13.7,2022,Delft en Westland
Oost-Zuid-Holland (CR),256200.0,8.2,18.7,43.5,19.9,9.8,2022,Oost-Zuid-Holland
Groot-Rijnmond (CR),1121400.0,10.9,18.3,41.7,18.3,10.8,2022,Groot-Rijnmond
Zuidoost-Zuid-Holland (CR),279200.0,9.1,19.8,46.0,17.7,7.4,2022,Zuidoost-Zuid-Holland
Zeeuwsch-Vlaanderen (CR),78300.0,10.1,20.8,47.1,15.5,6.5,2022,Zeeuwsch-Vlaanderen
Overig Zeeland (CR),208700.0,7.2,20.0,48.1,18.4,6.3,2022,Overig Zeeland
West-Noord-Brabant (CR),486300.0,9.1,18.3,42.6,20.7,9.3,2022,West-Noord-Brabant
Midden-Noord-Brabant (CR),382300.0,8.8,18.8,43.0,20.1,9.3,2022,Midden-Noord-Brabant
Noordoost-Noord-Brabant (CR),507300.0,8.4,18.8,42.1,20.4,10.3,2022,Noordoost-Noord-Brabant
Zuidoost-Noord-Brabant (CR),607000.0,8.6,17.5,40.8,20.9,12.3,2022,Zuidoost-Noord-Brabant
Noord-Limburg (CR),219100.0,9.7,19.9,45.8,18.0,6.7,2022,Noord-Limburg
Midden-Limburg (CR),182100.0,9.5,19.2,43.7,19.5,8.2,2022,Midden-Limburg
Zuid-Limburg (CR),454000.0,10.3,18.6,42.4,18.8,9.8,2022,Zuid-Limburg
Flevoland (CR),336500.0,8.5,18.8,46.2,19.0,7.6,2022,Flevoland
Oost-Groningen (CR),102000.0,10.2,22.3,49.4,14.1,4.0,2023,Oost-Groningen
Delfzijl en omgeving (CR),33400.0,8.7,21.7,50.6,14.8,4.2,2023,Delfzijl en omgeving
Overig Groningen (CR),328000.0,6.4,13.9,43.1,22.4,14.2,2023,Overig Groningen
Noord-Friesland (CR),245700.0,8.0,18.8,47.2,19.9,6.1,2023,Noord-Friesland
Zuidwest-Friesland (CR),104100.0,7.2,19.5,47.0,19.9,6.4,2023,Zuidwest-Friesland
Zuidoost-Friesland (CR),140400.0,7.7,19.5,46.7,19.4,6.7,2023,Zuidoost-Friesland
Noord-Drenthe (CR),143800.0,6.8,16.2,44.8,21.8,10.4,2023,Noord-Drenthe
Zuidoost-Drenthe (CR),127700.0,9.6,21.0,48.7,15.7,5.0,2023,Zuidoost-Drenthe
Zuidwest-Drenthe (CR),100900.0,9.1,19.9,46.3,18.1,6.7,2023,Zuidwest-Drenthe
Noord-Overijssel (CR),286800.0,7.5,18.7,44.9,20.3,8.5,2023,Noord-Overijssel
Zuidwest-Overijssel (CR),121000.0,7.8,16.9,43.3,21.6,10.4,2023,Zuidwest-Overijssel
Twente (CR),480100.0,8.8,18.0,45.3,20.0,7.9,2023,Twente
Veluwe (CR),530500.0,8.9,18.7,42.9,19.8,9.8,2023,Veluwe
Achterhoek (CR),303000.0,7.7,19.2,45.8,19.1,8.2,2023,Achterhoek
Arnhem/Nijmegen (CR),584100.0,8.1,16.1,39.4,21.8,14.7,2023,Arnhem
Zuidwest-Gelderland (CR),191100.0,9.0,20.9,43.9,17.9,8.3,2023,Zuidwest-Gelderland
Utrecht (CR),1050800.0,7.6,15.0,36.1,22.2,19.0,2023,Utrecht
Kop van Noord-Holland (CR),287600.0,8.7,20.0,47.3,17.6,6.4,2023,Kop van Noord-Holland
Alkmaar en omgeving (CR),189800.0,7.5,17.2,43.2,22.0,10.1,2023,Alkmaar en omgeving
IJmond (CR),149400.0,8.2,17.5,45.3,19.8,9.1,2023,IJmond
Agglomeratie Haarlem (CR),173500.0,7.4,14.1,32.8,24.0,21.7,2023,Agglomeratie Haarlem
Zaanstreek (CR),132700.0,9.5,18.0,45.0,18.3,9.3,2023,Zaanstreek
Groot-Amsterdam (CR),1157600.0,8.6,14.1,33.5,22.7,21.2,2023,Groot-Amsterdam
Het Gooi en Vechtstreek (CR),176300.0,7.2,15.5,35.7,22.6,19.0,2023,Het Gooi en Vechtstreek
Agglomeratie Leiden en Bollenstreek (CR),337100.0,6.9,16.1,38.6,20.6,17.9,2023,Agglomeratie Leiden en Bollenstreek
Agglomeratie 's-Gravenhage (CR),693100.0,11.4,16.7,35.3,19.8,16.8,2023,Agglomeratie 's-Gravenhage
Delft en Westland (CR),187900.0,7.5,15.7,40.1,22.1,14.6,2023,Delft en Westland
Oost-Zuid-Holland (CR),257300.0,8.3,18.0,43.1,20.6,9.9,2023,Oost-Zuid-Holland
Groot-Rijnmond (CR),1130800.0,11.1,17.9,41.2,18.4,11.4,2023,Groot-Rijnmond
Zuidoost-Zuid-Holland (CR),279700.0,9.3,20.0,45.6,17.6,7.5,2023,Zuidoost-Zuid-Holland
Zeeuwsch-Vlaanderen (CR),77600.0,11.0,21.2,45.8,15.5,6.5,2023,Zeeuwsch-Vlaanderen
Overig Zeeland (CR),208600.0,7.8,19.5,47.6,18.5,6.6,2023,Overig Zeeland
West-Noord-Brabant (CR),488600.0,9.1,18.5,42.4,20.9,9.0,2023,West-Noord-Brabant
Midden-Noord-Brabant (CR),384800.0,9.1,18.2,43.1,20.2,9.4,2023,Midden-Noord-Brabant
Noordoost-Noord-Brabant (CR),509300.0,8.4,18.4,41.4,20.9,10.8,2023,Noordoost-Noord-Brabant
Zuidoost-Noord-Brabant (CR),611000.0,8.7,17.1,40.3,21.0,12.9,2023,Zuidoost-Noord-Brabant
Noord-Limburg (CR),219800.0,10.0,19.9,44.8,18.3,6.9,2023,Noord-Limburg
Midden-Limburg (CR),182000.0,9.9,19.2,42.9,19.7,8.3,2023,Midden-Limburg
Zuid-Limburg (CR),454700.0,10.4,18.7,42.1,18.9,9.9,2023,Zuid-Limburg
Flevoland (CR),341000.0,8.6,18.5,45.6,19.6,7.6,2023,Flevoland
